78,57
78,56
78,55
78,54
78,53
78,52
78,51
78,50
78,49
78,48
78,47
78,46
78,45
78,44
78,43
78,42
78,41
78,40
78,39
78,38
78,37
78,36
78,35
69,143
69,142
69,141
69,140
69,139
69,138
69,137
69,136
69,135
69,134
69,133
69,132
69,131
69,130
69,129
69,127
69,126
69,125
69,124
69,123
69,122
69,121
69,120
69,119
69,118
69,117
69,128
69,116
69,115
69,114
69,113
69,112
69,111
69,110
69,109
69,108
69,107
69,106
69,105
69,104
69,103
69,102
69,101
69,100
69,99
69,98
69,97
69,96
69,95
69,94
69,93
69,92
69,91
69,90
69,89
69,88
69,87
69,86
69,85
69,84
69,83
69,82
69,81
69,80
69,79
69,78
69,77
69,76
69,75
69,74
69,73
69,72
69,71
69,70
69,69
69,68
69,67
69,66
69,65
69,64
69,36
69,35
69,34
69,33
69,32
69,31
69,30
69,29
69,28
69,27
69,26
69,25
69,24
69,23
69,22
69,21
69,20
69,19
69,18
69,17
69,16
69,15
69,14
69,13
69,12
69,11
69,10
69,9
69,8
69,7
69,5
69,4
3,2
3,1
3,3
10,239
10,121
10,67
10,77
10,263
10,5
10,155
10,261
10,2
10,3
9,5
9,1
9,7
9,2
9,3
8,8
8,15
8,10
8,7
8,14
8,13
8,2
8,3
69,384
69,341
69,340
69,339
69,338
69,337
69,336
69,335
69,334
69,333
69,332
